0 0 0 0 0 0 0 6 1 1 1 1 6 0 0 0 0 0 0 0
0 0 0 0 0 0 0 8 6 1 1 6 8 0 0 0 0 0 0 0
0 0 0 0 0 0 0 0 8 1 1 8 0 0 0 0 0 0 0 0
2 3 4 4 4 4 4 4 5 1 1 3 4 4 4 4 4 4 5 2
6 1 1 1 1 1 1 1 1 1 1 1 1 1 1 1 1 1 1 6
7 1 1 1 1 1 1 1 1 1 1 1 1 1 1 1 1 1 1 7
7 1 1 1 1 1 1 1 1 1 1 1 1 1 1 1 1 1 1 7
8 1 1 1 1 1 1 1 1 1 1 1 1 1 1 1 1 1 1 8
2 3 5 2 3 5 1 1 3 4 4 5 1 1 3 5 2 3 5 2
0 0 0 6 1 1 1 1 1 1 1 1 1 1 1 1 6 0 0 0
0 0 0 7 1 1 1 1 1 1 1 1 1 1 1 1 7 0 0 0
0 0 0 7 2 1 1 1 1 1 1 1 1 1 1 2 7 0 0 0
0 0 0 7 2 1 1 1 1 1 1 1 1 1 1 2 7 0 0 0
0 0 0 7 1 1 1 1 1 1 1 1 1 1 1 1 7 0 0 0
0 0 0 8 1 1 1 1 1 1 1 1 1 1 1 1 8 0 0 0
2 3 5 2 3 5 1 1 3 4 4 5 1 1 3 5 2 3 5 2
6 1 1 1 1 1 1 1 1 1 1 1 1 1 1 1 1 1 1 6
7 1 1 1 1 1 1 1 1 1 1 1 1 1 1 1 1 1 1 7
7 1 1 1 1 1 1 1 1 1 1 1 1 1 1 1 1 1 1 7
8 1 1 1 1 1 1 1 1 1 1 1 1 1 1 1 1 1 1 8
2 3 4 4 4 4 4 4 5 1 1 3 4 4 4 4 4 4 5 2
0 0 0 0 0 0 0 0 6 1 1 6 0 0 0 0 0 0 0 0
0 0 0 0 0 0 0 6 8 1 1 8 6 0 0 0 0 0 0 0
0 0 0 0 0 0 0 8 1 1 1 1 8 0 0 0 0 0 0 0